ID,question_id,question,sample_answer,criteria,sample_criteria,full_points,id,answer,score_1,score_2,score_3,score_outlier
1,3,"Now let’s look at vector-avoid-hold-and-wait.c. What is the main problem with this approach? How does its performance compare to the other versions (i.e., vector-global-order and vector-try-wait), when running both with -p and without it?","The main problem with this approach is that it is too coarse: the global lock (which protects the acquisition of all the other locks) will be under contention even when the vectors being manipulated by each thread is different. The run times under heavy contention (without the -p flag) very close to those for vector-global-order. For the high parallelism (with the -p flag) case, vector-avoid-hold-and-wait performs as it does under high contention, but about twice as slow as vector-global-order under high parallelism. Consequently, the comparison between vector-global-order and vector-try-wait holds here as well.","three-subquestions, 5 points for each subquestion.
• For explain “main problem” (5 points)
• For explain the setting “without the -p flag” (5 points)
• For explain the setting “with the -p flag” (5 points)","three-subquestions, 5 points for each subquestion.
• For explain “main problem” (5 points)
• For explain the setting “without the -p flag” (5 points)
• For explain the setting “with the -p flag” (5 points)",15,grading_26,"It presents a challenge as it necessitates knowing in advance which locks to acquire, resulting in reduced concurrency. It runs slower than other versions.",9.0,9,7,
2,3,"Now let’s look at vector-avoid-hold-and-wait.c. What is the main problem with this approach? How does its performance compare to the other versions (i.e., vector-global-order and vector-try-wait), when running both with -p and without it?","The main problem with this approach is that it is too coarse: the global lock (which protects the acquisition of all the other locks) will be under contention even when the vectors being manipulated by each thread is different. The run times under heavy contention (without the -p flag) very close to those for vector-global-order. For the high parallelism (with the -p flag) case, vector-avoid-hold-and-wait performs as it does under high contention, but about twice as slow as vector-global-order under high parallelism. Consequently, the comparison between vector-global-order and vector-try-wait holds here as well.","three-subquestions, 5 points for each subquestion.
• For explain “main problem” (5 points)
• For explain the setting “without the -p flag” (5 points)
• For explain the setting “with the -p flag” (5 points)","three-subquestions, 5 points for each subquestion.
• For explain “main problem” (5 points)
• For explain the setting “without the -p flag” (5 points)
• For explain the setting “with the -p flag” (5 points)",15,grading_7,"This approach is too rough. Even if the vectors are being manipulated by different threads, the global lock will be under contention. The performance in this approach (high contention, without the -p flag) is similar to the vector-global-order approach. The performance in this approach (high parallelism, with the p flag) is two times slower than the vector-global-order approach.",12.0,15,15,
3,3,"Now let’s look at vector-avoid-hold-and-wait.c. What is the main problem with this approach? How does its performance compare to the other versions (i.e., vector-global-order and vector-try-wait), when running both with -p and without it?","The main problem with this approach is that it is too coarse: the global lock (which protects the acquisition of all the other locks) will be under contention even when the vectors being manipulated by each thread is different. The run times under heavy contention (without the -p flag) very close to those for vector-global-order. For the high parallelism (with the -p flag) case, vector-avoid-hold-and-wait performs as it does under high contention, but about twice as slow as vector-global-order under high parallelism. Consequently, the comparison between vector-global-order and vector-try-wait holds here as well.","three-subquestions, 5 points for each subquestion.
• For explain “main problem” (5 points)
• For explain the setting “without the -p flag” (5 points)
• For explain the setting “with the -p flag” (5 points)","three-subquestions, 5 points for each subquestion.
• For explain “main problem” (5 points)
• For explain the setting “without the -p flag” (5 points)
• For explain the setting “with the -p flag” (5 points)",15,grading_20,"The main problem is that each thread needs a lock on the vector before accessing. When multiple threads want to access the vector at the same time, the lock will be contended. It will have similar performance when running.",8.0,5,5,
4,3,"Now let’s look at vector-avoid-hold-and-wait.c. What is the main problem with this approach? How does its performance compare to the other versions (i.e., vector-global-order and vector-try-wait), when running both with -p and without it?","The main problem with this approach is that it is too coarse: the global lock (which protects the acquisition of all the other locks) will be under contention even when the vectors being manipulated by each thread is different. The run times under heavy contention (without the -p flag) very close to those for vector-global-order. For the high parallelism (with the -p flag) case, vector-avoid-hold-and-wait performs as it does under high contention, but about twice as slow as vector-global-order under high parallelism. Consequently, the comparison between vector-global-order and vector-try-wait holds here as well.","three-subquestions, 5 points for each subquestion.
• For explain “main problem” (5 points)
• For explain the setting “without the -p flag” (5 points)
• For explain the setting “with the -p flag” (5 points)","three-subquestions, 5 points for each subquestion.
• For explain “main problem” (5 points)
• For explain the setting “without the -p flag” (5 points)
• For explain the setting “with the -p flag” (5 points)",15,grading_40,Using -p will decrease the running time.,0.0,0,0,
5,3,"Now let’s look at vector-avoid-hold-and-wait.c. What is the main problem with this approach? How does its performance compare to the other versions (i.e., vector-global-order and vector-try-wait), when running both with -p and without it?","The main problem with this approach is that it is too coarse: the global lock (which protects the acquisition of all the other locks) will be under contention even when the vectors being manipulated by each thread is different. The run times under heavy contention (without the -p flag) very close to those for vector-global-order. For the high parallelism (with the -p flag) case, vector-avoid-hold-and-wait performs as it does under high contention, but about twice as slow as vector-global-order under high parallelism. Consequently, the comparison between vector-global-order and vector-try-wait holds here as well.","three-subquestions, 5 points for each subquestion.
• For explain “main problem” (5 points)
• For explain the setting “without the -p flag” (5 points)
• For explain the setting “with the -p flag” (5 points)","three-subquestions, 5 points for each subquestion.
• For explain “main problem” (5 points)
• For explain the setting “without the -p flag” (5 points)
• For explain the setting “with the -p flag” (5 points)",15,grading_13,"When running with the parallelism flag (-p), the performance of `vector-avoid-hold-and-wait.c` may be affected by the potential hold-and-wait situations.",3.0,5,3,
6,3,"Now let’s look at vector-avoid-hold-and-wait.c. What is the main problem with this approach? How does its performance compare to the other versions (i.e., vector-global-order and vector-try-wait), when running both with -p and without it?","The main problem with this approach is that it is too coarse: the global lock (which protects the acquisition of all the other locks) will be under contention even when the vectors being manipulated by each thread is different. The run times under heavy contention (without the -p flag) very close to those for vector-global-order. For the high parallelism (with the -p flag) case, vector-avoid-hold-and-wait performs as it does under high contention, but about twice as slow as vector-global-order under high parallelism. Consequently, the comparison between vector-global-order and vector-try-wait holds here as well.","three-subquestions, 5 points for each subquestion.
• For explain “main problem” (5 points)
• For explain the setting “without the -p flag” (5 points)
• For explain the setting “with the -p flag” (5 points)","three-subquestions, 5 points for each subquestion.
• For explain “main problem” (5 points)
• For explain the setting “without the -p flag” (5 points)
• For explain the setting “with the -p flag” (5 points)",15,grading_16,There is no need for the approach to get both two values’ lock. The performance is faster than vector-try-and-wait but slower than vector-global-order without -p. The performance is slower than both vector-try-and-wait and vector-global-order with -p.,12.0,5,8,
7,3,"Now let’s look at vector-avoid-hold-and-wait.c. What is the main problem with this approach? How does its performance compare to the other versions (i.e., vector-global-order and vector-try-wait), when running both with -p and without it?","The main problem with this approach is that it is too coarse: the global lock (which protects the acquisition of all the other locks) will be under contention even when the vectors being manipulated by each thread is different. The run times under heavy contention (without the -p flag) very close to those for vector-global-order. For the high parallelism (with the -p flag) case, vector-avoid-hold-and-wait performs as it does under high contention, but about twice as slow as vector-global-order under high parallelism. Consequently, the comparison between vector-global-order and vector-try-wait holds here as well.","three-subquestions, 5 points for each subquestion.
• For explain “main problem” (5 points)
• For explain the setting “without the -p flag” (5 points)
• For explain the setting “with the -p flag” (5 points)","three-subquestions, 5 points for each subquestion.
• For explain “main problem” (5 points)
• For explain the setting “without the -p flag” (5 points)
• For explain the setting “with the -p flag” (5 points)",15,grading_17,Without -p With -p ./vector-try-wait -d -n 2 -l 100000 -t ./vector-try-wait -d -n 2 -l 100000 -t -p Retries: 516458 Retries: 0 Time: 0.16 seconds Time: 0.03 seconds ./vector-global-order -d -n 2 -l 100000 -t ./vector-global-order -d -n 2 -l 100000 -t -p Time: 0.05 seconds Time: 0.03 seconds ./vector-avoid-hold-and-wait -d -n 2 -l 100000 -t ./vector-avoid-hold-and-wait -d -n 2 -l 100000 -t - Time: 0.10 seconds p Time: 0.07 seconds,12.0,5,5,
8,3,"Now let’s look at vector-avoid-hold-and-wait.c. What is the main problem with this approach? How does its performance compare to the other versions (i.e., vector-global-order and vector-try-wait), when running both with -p and without it?","The main problem with this approach is that it is too coarse: the global lock (which protects the acquisition of all the other locks) will be under contention even when the vectors being manipulated by each thread is different. The run times under heavy contention (without the -p flag) very close to those for vector-global-order. For the high parallelism (with the -p flag) case, vector-avoid-hold-and-wait performs as it does under high contention, but about twice as slow as vector-global-order under high parallelism. Consequently, the comparison between vector-global-order and vector-try-wait holds here as well.","three-subquestions, 5 points for each subquestion.
• For explain “main problem” (5 points)
• For explain the setting “without the -p flag” (5 points)
• For explain the setting “with the -p flag” (5 points)","three-subquestions, 5 points for each subquestion.
• For explain “main problem” (5 points)
• For explain the setting “without the -p flag” (5 points)
• For explain the setting “with the -p flag” (5 points)",15,grading_10,"The main problem is that the approach requires the threads to acquire the global lock before acquiring the vector, which will reduce concurrency. When running with p, global order has the shortest run time, followed with avoid hold and wait and try wait. When running without p, try wait have the shortest run time, followed by global order and avoid hold and wait.",12.0,5,5,
